0 1 0.000014
1 1 0.000004
2 1 0.000002
3 1 0.000002
4 1 0.000002
5 1 0.000002
6 1 0.000002
7 1 0.000035
8 1 0.000001
9 1 0.000001
10 1 0.000001
11 1 0.000001
12 1 0.000001
13 1 0.000001
14 1 0.000001
15 1 0.000001
16 1 0.000001
17 1 0.000001
18 1 0.000001
19 1 0.000001
20 1 0.000001
21 1 0.000001
22 1 0.000001
23 1 0.000001
24 1 0.000001
25 1 0.000001
26 1 0.000001
27 1 0.000001
28 1 0.000001
29 1 0.000001
0 10 0.000001
1 10 0.000001
2 10 0.000001
3 10 0.000001
4 10 0.000001
5 10 0.000001
6 10 0.000001
7 10 0.000001
8 10 0.000001
9 10 0.000001
10 10 0.000001
11 10 0.000001
12 10 0.000001
13 10 0.000001
14 10 0.000001
15 10 0.000001
16 10 0.000001
17 10 0.000001
18 10 0.000001
19 10 0.000001
20 10 0.000001
21 10 0.000001
22 10 0.000001
23 10 0.000001
24 10 0.000001
25 10 0.000001
26 10 0.000001
27 10 0.000001
28 10 0.000001
29 10 0.000001
0 100 0.000001
1 100 0.000001
2 100 0.000001
3 100 0.000001
4 100 0.000001
5 100 0.000001
6 100 0.000001
7 100 0.000001
8 100 0.000001
9 100 0.000001
10 100 0.000001
11 100 0.000001
12 100 0.000001
13 100 0.000001
14 100 0.000001
15 100 0.000001
16 100 0.000001
17 100 0.000001
18 100 0.000001
19 100 0.000001
20 100 0.000001
21 100 0.000001
22 100 0.000001
23 100 0.000001
24 100 0.000001
25 100 0.000001
26 100 0.000001
27 100 0.000001
28 100 0.000001
29 100 0.000001
0 1000 0.000014
1 1000 0.000003
2 1000 0.000003
3 1000 0.000003
4 1000 0.000003
5 1000 0.000003
6 1000 0.000003
7 1000 0.000003
8 1000 0.000003
9 1000 0.000003
10 1000 0.000003
11 1000 0.000003
12 1000 0.000003
13 1000 0.000003
14 1000 0.000003
15 1000 0.000003
16 1000 0.000003
17 1000 0.000003
18 1000 0.000003
19 1000 0.000003
20 1000 0.000003
21 1000 0.000003
22 1000 0.000003
23 1000 0.000003
24 1000 0.000003
25 1000 0.000003
26 1000 0.000003
27 1000 0.000003
28 1000 0.000003
29 1000 0.000003
0 10000 0.000055
1 10000 0.000025
2 10000 0.000018
3 10000 0.000017
4 10000 0.000015
5 10000 0.000019
6 10000 0.000017
7 10000 0.000023
8 10000 0.000015
9 10000 0.000016
10 10000 0.000015
11 10000 0.000016
12 10000 0.000018
13 10000 0.000016
14 10000 0.000015
15 10000 0.000015
16 10000 0.000015
17 10000 0.000015
18 10000 0.000014
19 10000 0.000016
20 10000 0.000015
21 10000 0.000016
22 10000 0.000022
23 10000 0.000017
24 10000 0.000015
25 10000 0.000016
26 10000 0.000015
27 10000 0.000017
28 10000 0.000015
29 10000 0.000017
0 100000 0.000190
1 100000 0.000130
2 100000 0.000110
3 100000 0.000104
4 100000 0.000112
5 100000 0.000101
6 100000 0.000123
7 100000 0.000102
8 100000 0.000093
9 100000 0.000092
10 100000 0.000092
11 100000 0.000093
12 100000 0.000095
13 100000 0.000104
14 100000 0.000092
15 100000 0.000095
16 100000 0.000094
17 100000 0.000097
18 100000 0.000100
19 100000 0.000096
20 100000 0.000318
21 100000 0.000096
22 100000 0.000095
23 100000 0.000099
24 100000 0.000126
25 100000 0.000104
26 100000 0.000097
27 100000 0.000096
28 100000 0.000096
29 100000 0.000293
0 1000000 0.001935
1 1000000 0.001180
2 1000000 0.000955
3 1000000 0.000888
4 1000000 0.000873
5 1000000 0.000887
6 1000000 0.000920
7 1000000 0.000877
8 1000000 0.000960
9 1000000 0.000868
10 1000000 0.000900
11 1000000 0.000942
12 1000000 0.001081
13 1000000 0.000908
14 1000000 0.000908
15 1000000 0.000873
16 1000000 0.000889
17 1000000 0.000868
18 1000000 0.000923
19 1000000 0.000865
20 1000000 0.001161
21 1000000 0.000963
22 1000000 0.000911
23 1000000 0.000869
24 1000000 0.000865
25 1000000 0.000919
26 1000000 0.000868
27 1000000 0.000921
28 1000000 0.000993
29 1000000 0.001018
0 10000000 0.018105
1 10000000 0.006890
2 10000000 0.006388
3 10000000 0.006125
4 10000000 0.006042
5 10000000 0.006024
6 10000000 0.005975
7 10000000 0.005968
8 10000000 0.006068
9 10000000 0.005991
10 10000000 0.005895
11 10000000 0.005952
12 10000000 0.005962
13 10000000 0.005939
14 10000000 0.006510
15 10000000 0.006859
16 10000000 0.006024
17 10000000 0.005978
18 10000000 0.006040
19 10000000 0.006075
20 10000000 0.005974
21 10000000 0.005910
22 10000000 0.005784
23 10000000 0.005755
24 10000000 0.005737
25 10000000 0.005824
26 10000000 0.005664
27 10000000 0.005743
28 10000000 0.005776
29 10000000 0.005919
